0.566179
0.326830
0.380102
0.606476
0.564717
0.443581
0.379875
0.373367
0.557984
0.723647
0.581651
0.497072
0.546013
0.407620
0.508055
0.531846
0.517916
0.709120
0.731079
0.535307
0.508837
0.421977
0.397532
0.312989
0.416560
0.303220
0.459119
0.477594
0.408516
0.440184
0.502521
0.440260
0.634481
0.553126
0.539209
0.509672
0.395300
0.622915
0.572828
0.407547
0.328862
0.521357
0.507252
0.541447
0.493673
0.462005
0.382302
0.507918
0.624917
0.369830
0.406446
0.514649
0.501601
0.488867
0.399451
0.499234
0.603083
0.625252
0.610810
0.546698
0.389209
0.488128
0.718164
0.706473
0.619643
0.637006
0.635578
0.578374
0.716078
0.599750
0.532082
0.511915
0.633772
0.578043
0.687801
0.801007
0.664447
0.579486
0.549611
0.543121
0.528713
0.606621
0.686878
0.626101
0.668138
0.812892
0.606429
0.636102
0.808566
0.821993
0.721433
0.736111
0.766389
0.678980
0.774844
0.664641
0.740593
0.751695
0.846831
0.879789
0.525415
0.550577
0.586042
0.546562
0.616696
0.763224
0.752167
0.782227
0.830480
0.841967
0.938515
0.813781
0.824740
0.779699
0.791771
0.661980
0.923823
0.872811
0.744309
0.803432
0.879658
0.814361
0.847273
0.803740
0.935145
0.975576
0.948253
0.854934
0.720698
0.861526
0.907216
0.940568
0.959821
0.785831
0.921258
0.898498
0.947968
0.706951
0.936259
1.00000
0.900508
0.897203
0.806462
0.831688
0.739114
0.772728
0.929630
0.987840
0.907237
0.770477
0.814475
0.945248
0.991431
0.992699
0.861261
1.00000
1.00000
0.935988
0.942447
0.881067
1.00000
0.991044
0.855775
0.806419
0.829654
0.927078
1.00000
1.00000
1.00000
1.00000
1.00000
0.904641
0.806709
0.844952
0.793055
0.704643
0.807484
0.570339
0.827287
0.809502
0.621807
0.674820
0.644130
0.890688
0.788281
0.666402
0.570461
0.740502
0.647772
0.526394
0.689146
0.436487
0.612453
0.528535
0.425309
0.379012
0.349509
0.243888
0.289017
0.145636
0.0778969
0.252412
0.224822
0.315186
0.419834
0.00355444
0.0459899
0.235912
0.199764
0.823246
0.156248
0.00000
0.216741
0.410956
0.00000
0.929860
0.00000
0.704714
0.462053
0.00000
0.185841
0.131865
0.0196942
0.346399
0.338405
0.00000
0.135194
0.0512825
0.00636964
0.00000
0.772161
0.779903
0.00000
0.442845
0.247927
0.777792
0.823786
0.208158
0.225614
0.709091
0.00000
0.00000
0.910182
0.530817
0.398113
0.265409
0.132704
0.00000
0.00000
0.00000
0.00000
0.657370
0.748894
0.248097
0.664119
0.707544
0.462874
0.362623
0.363805
0.481764
0.459141
0.463450
0.693254
0.431454
0.507529
0.444203
0.640362
0.669162
0.905581
0.714242
0.773833
0.744586
0.811596
0.750562
0.736570
0.558298
0.533224
0.543165
0.363950
0.365813
0.573381
0.572917
0.578397
0.693199
0.710279
0.807962
0.869559
0.610645
0.691161
0.668360
0.658855
0.603859
0.654858
0.686442
0.730915
0.667857
0.727599
0.752224
0.677282
0.631492
0.676081
0.681514
0.698217
0.589325
0.694166
0.786814
0.699542
0.782892
0.814216
0.675294
0.739599
0.545079
0.630576
0.754832
0.677130
0.508339
0.460866
0.433387
0.489039
0.604513
0.540068
0.786452
0.721457
0.727513
0.638774
0.655267
0.651815
0.608049
0.539304
0.710159
0.719656
0.590164
0.465204
0.351464
0.613645
0.724165
0.596026
0.723049
0.671828
0.654297
0.770949
0.640656
0.567787
0.624772
0.601222
0.546127
0.606653
0.645520
0.583017
0.651652
0.598057
0.559116
0.343046
0.434110
0.604229
0.634077
0.485747
0.428930
0.292418
0.398021
0.517296
0.694988
0.469648
0.531105
0.497417
